100	50	100	50	100	50	100	50	100	50	100	50	100	50	100	50	100	50	100	50	100	50	100	50	100	50	100	50	100	50	100	50	100	50	100	50	100	50	100	50	100	50	100	50	100	50	100	50	100	50	100	50	100	50	100	50	100	50	100	50	100	50	100	50	100	50	100	50	100	50	100	50	100	50	100	50	100	50	100	50	100	50	100	50	100	50	100	50	100	50	100	50	100	50	100	50	100	50	100	50	
105	48	105	48	103	54	100	45	105	48	100	45	95	53	96	53	100	45	99	46	98	54	102	54	102	46	95	53	98	54	95	52	95	50	100	55	105	51	100	45	105	48	95	49	98	54	100	45	100	55	95	48	105	49	95	53	102	54	100	55	96	47	95	53	95	49	105	48	105	48	105	52	105	48	105	48	95	48	104	47	105	53	105	48	105	51	100	45	98	54	100	55	105	52	99	55	101	55	98	54	
110	46	110	45	108	56	100	40	110	45	100	40	90	55	96	58	100	40	99	41	98	59	102	59	102	41	90	55	96	58	90	51	90	48	100	60	110	51	101	41	109	45	90	46	97	59	100	40	98	59	90	45	110	46	90	55	103	59	102	59	93	44	90	55	90	47	108	44	108	44	110	54	107	52	110	45	90	45	107	44	110	55	110	45	110	50	99	41	98	59	103	59	110	53	98	59	102	59	94	57	
115	44	115	43	112	59	100	35	115	43	100	35	85	58	92	61	100	35	99	36	97	64	105	63	104	37	85	58	95	63	85	51	85	46	100	65	115	52	102	36	114	42	85	44	96	63	100	36	98	64	85	43	115	44	87	59	104	63	102	64	90	40	85	57	85	46	111	41	111	41	115	54	112	51	115	43	86	42	109	40	115	58	115	46	115	51	97	37	98	64	105	63	115	56	97	64	102	64	92	61	
120	41	119	40	117	62	100	30	120	40	98	31	80	60	90	65	100	30	98	31	97	69	107	67	106	33	80	60	91	66	80	52	80	43	100	70	120	54	102	31	119	40	80	41	96	68	103	33	97	69	81	40	120	44	87	64	106	67	102	69	86	37	80	58	80	44	115	38	116	38	116	53	115	54	120	40	81	40	113	37	119	61	120	44	120	50	94	33	98	69	107	67	120	58	96	68	103	69	91	66	
125	39	124	37	122	64	100	25	125	38	98	26	75	62	88	69	100	25	98	26	96	73	108	71	108	29	75	63	89	70	75	52	75	42	100	75	125	56	103	27	124	37	75	39	96	73	103	30	96	73	76	37	125	43	84	67	107	72	104	73	83	34	75	60	75	43	120	35	121	36	113	50	119	56	125	38	76	37	115	33	124	63	125	45	125	52	91	30	98	74	109	71	125	61	95	73	103	74	91	71	
130	36	129	35	126	67	100	20	130	35	98	21	70	64	87	74	100	20	97	22	94	77	109	76	111	26	70	65	87	74	70	52	70	40	100	80	130	56	104	22	129	35	70	36	96	78	105	26	96	78	71	35	130	41	81	71	108	76	105	78	84	33	70	62	70	41	124	32	125	33	116	48	124	57	130	35	71	35	116	28	129	66	130	42	130	51	91	25	98	79	111	75	130	63	93	77	104	78	91	76	
135	35	134	32	130	70	101	16	135	33	97	17	65	66	84	77	101	16	96	17	94	82	109	81	113	22	65	68	84	77	65	54	65	38	100	85	135	56	104	17	134	32	65	34	96	83	108	22	95	83	66	32	135	41	80	75	108	81	107	82	89	31	65	63	65	41	129	30	129	30	121	47	129	57	135	33	67	32	117	24	134	68	134	40	135	52	90	20	98	84	114	78	135	66	90	80	104	83	87	79	
140	32	139	30	135	73	101	11	140	30	96	12	64	64	82	81	101	11	93	15	94	87	111	85	114	17	60	70	81	81	60	53	60	37	100	100	140	57	106	13	139	30	60	31	95	88	111	21	95	88	61	30	140	40	78	79	111	85	107	87	88	26	60	65	60	40	133	27	133	27	126	44	134	56	140	30	62	29	121	21	139	71	136	41	140	50	90	15	100	100	116	82	140	68	87	84	104	88	86	83	
145	30	144	27	139	76	100	11	145	28	97	11	61	66	80	85	101	12	88	13	100	100	111	90	115	13	55	73	78	84	55	53	55	38	100	95	145	59	106	10	144	27	55	30	100	100	114	18	100	100	56	27	145	41	75	83	111	90	107	92	84	23	55	68	55	39	136	23	136	23	131	42	136	58	145	28	57	27	126	18	144	73	139	40	145	48	90	10	100	95	117	87	144	71	84	87	100	100	86	88	
150	27	149	25	144	78	98	15	150	25	102	13	56	66	78	89	101	17	83	14	100	95	114	93	115	10	50	75	76	88	50	52	50	36	100	90	150	58	101	13	149	25	50	28	100	95	116	14	100	95	51	25	150	40	74	87	113	94	100	100	83	19	50	70	50	41	140	20	141	21	136	40	141	60	150	25	53	24	129	15	149	76	144	41	150	47	89	13	103	92	122	89	147	72	80	90	100	95	84	92	
155	25	153	22	147	82	99	12	155	23	106	13	51	68	77	88	101	12	78	13	102	91	116	97	114	13	45	78	74	92	45	53	45	36	100	85	155	59	97	14	154	22	45	26	100	90	118	14	100	90	46	22	155	40	71	91	114	98	100	95	82	14	45	72	46	44	144	17	144	17	139	40	146	60	155	23	48	21	129	10	154	78	149	41	155	48	89	12	104	88	126	92	152	72	76	93	95	93	82	96	
160	22	158	19	151	85	98	9	160	20	111	11	46	66	72	85	99	10	73	13	104	87	119	101	114	12	40	80	70	95	46	52	40	34	100	80	160	58	102	11	159	20	40	23	100	85	113	17	97	87	41	20	160	37	67	94	100	100	95	93	84	13	40	73	41	47	146	13	147	14	144	40	151	61	160	20	43	19	131	10	158	81	154	40	160	47	86	8	104	83	129	96	157	73	72	96	95	89	80	100	
165	20	163	17	155	88	101	10	164	17	113	10	41	66	69	89	101	14	68	12	104	82	121	105	114	7	35	83	67	99	51	55	35	33	100	75	165	59	107	10	164	17	35	21	100	80	113	14	97	82	36	17	165	37	63	97	100	95	95	89	79	11	35	76	36	49	148	9	151	11	149	41	156	62	165	18	38	16	136	7	163	84	159	38	165	47	85	13	105	80	130	100	162	74	68	99	95	84	79	105	
170	17	168	14	158	91	103	10	169	15	113	11	36	68	67	93	102	13	63	10	104	77	125	108	114	10	30	85	66	103	48	57	30	31	100	70	170	60	110	10	168	14	30	18	102	78	111	10	97	77	31	15	170	35	60	100	100	90	95	87	75	10	30	76	34	51	152	12	155	10	154	38	161	62	170	15	34	13	134	10	168	86	164	37	170	46	83	17	104	75	132	104	163	76	63	102	95	79	76	108	
175	16	173	12	161	95	98	7	172	11	118	11	31	71	66	97	107	12	58	10	104	72	128	111	109	12	25	88	63	107	43	58	26	29	100	65	175	61	110	9	173	12	25	16	102	73	107	12	98	72	26	12	175	35	57	104	103	87	100	84	74	9	25	78	30	50	157	14	153	12	159	36	166	64	175	13	29	11	129	13	173	89	169	35	175	46	81	13	103	71	135	108	167	79	58	104	96	74	74	112	
180	13	178	9	166	97	98	10	173	11	123	13	26	72	64	101	112	10	54	10	102	68	131	115	104	12	20	90	61	111	38	60	24	25	100	50	180	62	115	7	178	9	20	14	102	68	103	15	98	67	22	9	180	34	54	107	103	82	100	79	74	4	20	78	25	50	157	15	148	14	164	33	171	66	180	11	25	11	124	14	178	91	174	33	180	45	77	10	103	66	137	112	172	81	55	108	96	69	72	116	
185	12	178	10	169	101	103	13	168	11	128	15	23	74	62	105	117	11	55	12	101	64	134	118	99	13	15	93	58	114	33	63	20	22	100	45	185	62	117	10	174	10	15	13	102	63	105	15	100	50	22	14	185	32	52	111	102	78	100	74	74	9	15	80	20	49	152	17	149	12	169	32	176	66	184	10	20	9	125	15	183	94	179	32	185	46	77	10	100	50	141	115	175	84	51	111	98	65	70	120	
190	9	178	5	172	104	108	15	163	14	127	15	18	75	60	109	121	10	53	14	100	50	137	122	94	15	10	95	55	118	29	66	15	21	100	40	190	63	120	10	174	9	10	10	100	50	106	19	99	55	22	13	190	29	48	114	102	77	100	69	70	12	10	81	15	50	154	13	150	10	174	31	181	67	188	9	23	10	130	17	188	96	184	32	190	44	80	6	95	50	143	119	180	86	46	113	100	50	68	124	
187	12	178	10	175	108	111	12	164	15	122	17	13	76	57	113	120	10	48	11	95	53	140	125	98	13	13	94	50	119	24	66	10	23	100	35	187	65	115	13	178	6	10	10	105	49	107	17	97	59	27	11	189	33	44	117	102	72	100	50	65	15	9	81	15	48	158	10	155	11	179	32	186	67	184	9	26	11	130	17	188	96	187	31	189	47	79	10	90	49	144	123	185	89	43	117	100	55	66	128	
182	14	173	12	178	111	114	10	167	12	124	17	12	71	53	116	115	13	44	10	91	54	142	129	103	11	14	92	53	122	19	68	13	25	100	30	188	65	116	14	177	11	15	8	110	46	106	17	94	62	29	11	187	37	40	120	101	68	100	45	65	14	4	82	16	43	162	11	160	12	184	30	188	65	185	11	25	15	133	14	184	93	188	30	187	51	77	10	85	52	146	127	188	87	38	119	99	60	64	132	
180	16	168	11	179	115	110	13	170	10	123	22	11	73	51	120	111	14	49	13	86	56	144	133	108	9	14	89	51	125	14	65	14	23	100	25	193	68	120	11	172	12	15	11	115	44	111	20	92	66	24	11	187	42	36	123	100	50	102	41	65	9	9	83	11	42	167	14	165	12	187	31	189	66	181	14	26	14	138	11	184	92	183	33	186	53	82	9	80	51	147	132	185	86	35	123	98	64	62	136	
185	15	163	13	181	119	111	13	172	12	125	22	16	70	47	123	116	11	52	14	81	58	146	135	105	13	14	84	49	129	14	69	12	19	99	21	188	67	121	11	167	14	10	9	120	41	111	15	89	70	19	11	186	43	35	128	95	51	102	36	69	12	14	80	9	43	170	14	170	13	190	28	184	66	179	16	24	18	142	10	179	95	188	31	185	54	83	10	75	53	150	135	180	83	32	126	98	69	61	141	
182	12	158	10	184	122	114	9	174	14	125	27	15	68	44	126	120	10	47	15	76	59	146	136	101	14	14	85	47	133	9	72	12	14	99	20	188	62	118	14	162	12	14	10	125	39	109	15	87	74	17	10	186	48	32	131	90	49	103	32	74	14	14	77	11	44	165	12	175	13	189	30	187	66	178	14	29	19	143	10	179	98	189	36	190	55	78	7	70	53	153	139	179	82	27	129	98	74	58	144	
177	11	154	10	185	127	118	12	175	11	128	23	13	65	42	130	124	9	42	15	73	61	149	140	106	11	9	83	44	136	14	72	11	10	99	15	188	57	115	13	157	14	18	9	130	36	110	10	87	79	17	11	187	50	31	136	85	51	103	27	75	11	13	73	14	45	162	10	180	12	188	32	187	66	173	12	24	16	145	6	183	101	189	41	187	57	76	9	65	55	156	142	181	86	26	133	98	79	57	149	
174	9	158	13	185	132	120	14	173	11	130	19	13	60	39	134	124	14	39	16	68	63	150	144	109	11	14	80	40	139	15	73	11	11	97	15	188	52	114	10	154	13	17	12	135	35	112	10	87	84	12	12	186	50	28	139	80	49	103	22	76	11	10	69	14	50	164	10	185	15	190	33	182	68	168	10	24	13	146	9	188	103	189	46	190	57	80	12	60	57	157	147	186	86	22	136	102	78	56	153	
171	10	163	15	187	136	124	15	168	13	132	19	13	55	36	135	127	16	35	15	63	64	153	148	112	9	15	81	39	144	15	78	9	15	97	20	188	47	110	10	149	11	15	16	140	33	107	8	86	88	9	13	190	47	24	142	75	50	103	17	81	13	9	67	14	55	159	13	186	15	188	34	182	71	164	10	28	10	146	14	186	106	189	51	187	57	85	15	55	59	160	150	187	85	18	139	102	79	54	157	
173	11	167	15	189	140	127	16	166	13	130	15	13	50	32	134	129	14	38	13	58	63	154	152	112	14	20	81	35	147	12	74	14	17	96	17	188	42	110	11	144	9	11	18	145	31	108	12	86	93	13	12	190	47	22	146	70	49	103	12	86	14	10	65	14	60	156	14	191	13	188	39	185	71	163	12	28	10	145	15	183	105	189	56	188	60	85	10	50	58	163	154	187	80	17	144	98	76	52	161	
178	9	166	14	189	144	129	14	163	10	131	16	13	45	30	138	133	14	43	13	53	63	153	155	111	13	17	84	34	151	11	70	13	15	96	14	188	37	115	14	140	10	10	19	150	29	109	14	86	98	18	11	195	50	20	150	65	49	104	11	84	12	13	69	14	65	155	15	189	10	188	44	188	72	165	15	23	13	140	16	182	103	189	61	189	65	84	12	45	60	168	153	189	78	14	147	100	78	52	166	
178	12	161	15	188	146	133	13	164	10	136	17	12	40	26	141	138	12	48	10	48	63	155	158	111	8	12	86	31	155	11	65	12	10	96	9	187	33	116	15	135	11	10	24	155	28	113	14	100	100	22	10	190	49	17	154	60	49	104	16	79	10	14	69	14	70	158	18	190	9	188	49	189	77	167	17	18	14	141	16	185	106	189	66	189	69	84	14	40	60	173	155	189	73	10	150	102	78	50	170	
176	15	166	14	187	147	137	10	161	7	140	14	12	35	22	144	143	10	52	9	43	65	152	161	114	11	10	88	28	158	8	61	11	11	100	10	187	32	116	10	130	11	10	27	160	25	108	13	100	95	22	15	189	54	13	157	55	52	107	15	75	12	14	64	14	75	163	16	195	7	188	54	188	80	172	14	23	12	146	18	190	105	189	71	188	68	89	17	35	61	177	155	189	72	9	152	97	76	48	174	
181	13	168	10	182	149	140	10	162	10	140	13	12	30	20	148	141	12	51	9	38	65	153	166	119	12	12	89	25	162	12	62	7	14	105	11	191	29	117	10	125	11	10	32	165	25	103	12	100	90	17	13	189	59	10	158	50	52	108	13	70	13	14	59	15	77	166	12	193	10	188	59	189	81	172	9	28	9	151	16	189	110	189	76	189	64	85	15	30	62	181	158	194	69	10	155	98	79	47	179	
186	10	168	13	181	152	141	10	164	14	142	9	12	25	18	152	143	15	51	4	33	65	156	169	124	12	15	93	22	165	15	66	10	13	110	10	188	32	117	5	120	12	10	37	169	23	98	10	102	86	12	13	189	64	10	159	45	53	106	9	67	14	14	54	14	72	167	10	189	10	188	64	194	78	168	12	27	14	149	13	187	110	189	81	189	61	88	13	25	65	183	162	189	68	10	160	102	78	44	182	
188	10	171	14	184	155	146	10	167	15	139	10	12	20	15	156	142	12	51	9	28	67	159	173	127	13	14	89	21	170	15	66	13	17	114	10	186	32	117	10	115	11	10	40	174	21	95	12	102	81	11	14	189	69	13	163	40	54	110	12	72	11	14	49	14	67	168	12	187	13	188	69	189	78	166	14	25	16	144	10	186	105	189	86	189	56	93	11	21	67	187	165	188	71	11	163	102	79	43	187	
193	8	173	10	187	159	151	11	170	14	138	9	12	15	11	159	144	10	50	10	23	67	164	175	122	12	14	84	18	173	18	62	13	22	111	10	181	34	114	13	110	10	10	35	179	20	91	15	102	78	11	19	189	74	13	168	35	53	115	15	76	10	14	44	14	62	169	15	188	13	188	74	189	74	171	13	21	15	140	9	185	110	189	91	189	51	97	10	16	66	188	169	188	76	15	160	98	76	42	189	
189	9	173	10	189	163	156	9	170	9	134	6	12	10	9	158	144	15	50	15	18	68	169	177	117	13	12	80	14	176	23	65	15	26	107	10	184	32	113	12	105	11	11	31	182	18	95	13	102	75	12	23	189	79	15	172	30	51	118	14	71	12	14	44	14	57	170	10	186	9	189	79	187	70	176	10	16	13	136	12	185	115	189	96	189	46	97	9	14	65	189	172	189	81	19	160	100	78	37	188	
190	9	168	7	189	167	155	10	167	10	135	10	14	12	12	158	143	15	49	13	15	69	174	178	112	13	12	75	13	181	22	66	10	23	103	11	188	30	116	8	100	11	11	26	185	19	100	13	102	70	12	28	190	83	16	175	26	49	123	12	66	14	9	42	14	52	170	9	187	10	190	83	188	70	178	10	11	14	133	14	187	119	189	101	188	41	99	5	18	65	187	176	189	84	24	162	102	78	33	189	
195	7	170	11	189	172	155	5	166	9	135	13	14	17	16	158	138	12	49	10	14	67	179	181	107	13	12	70	13	186	20	62	10	26	98	10	188	25	115	10	96	10	15	23	188	19	105	12	102	65	13	33	187	83	14	177	21	49	125	10	68	12	14	39	15	48	169	5	183	7	189	81	189	66	180	14	10	14	136	14	185	123	189	106	187	39	99	10	23	65	187	181	189	87	22	166	97	76	31	185	
191	8	175	13	189	177	155	10	166	4	137	14	14	15	21	161	133	10	54	12	14	67	184	183	102	12	11	66	12	190	15	60	10	31	93	13	188	20	115	13	95	11	15	26	188	24	110	11	100	50	13	38	189	83	16	181	20	51	126	10	73	10	15	37	14	44	169	10	183	10	188	82	187	63	178	16	5	17	131	13	187	127	189	111	188	43	98	14	22	66	189	182	189	92	20	170	100	78	27	182	
189	10	180	13	189	182	157	11	166	9	142	13	13	11	22	163	134	10	59	15	9	65	188	184	97	14	11	61	16	187	15	64	11	36	88	11	188	15	116	14	92	14	14	21	188	29	115	11	95	53	13	43	189	78	16	185	17	52	131	11	72	10	14	32	15	43	171	11	183	13	184	85	188	66	179	17	10	18	126	11	186	131	189	116	187	43	95	13	22	61	188	184	189	97	17	174	102	78	23	179	
184	12	185	15	189	187	162	13	166	14	146	13	15	11	22	168	131	7	57	14	8	61	189	180	92	14	10	56	18	189	14	65	12	40	83	12	188	10	121	12	94	12	14	16	188	34	120	11	90	55	14	47	189	73	14	189	14	51	136	10	67	13	12	28	16	47	174	14	185	13	180	84	188	71	174	14	10	20	122	10	186	136	189	121	182	45	90	10	24	62	185	186	189	102	15	176	97	76	20	179	
179	15	183	12	190	189	166	14	168	14	148	9	20	13	19	172	129	11	62	13	11	61	188	179	87	15	10	56	16	187	9	63	12	45	78	12	185	11	124	10	99	10	14	11	188	39	125	10	85	58	16	50	188	68	12	188	13	47	141	12	64	15	10	24	13	45	175	11	190	10	182	85	188	76	170	11	10	25	117	13	182	135	189	126	185	46	88	10	19	61	180	184	189	107	14	176	100	78	17	181	
179	16	181	10	186	186	165	10	173	16	144	11	25	15	16	175	124	12	67	13	16	59	187	184	86	15	15	54	20	186	9	63	12	50	73	13	180	10	127	10	98	10	16	10	189	44	130	9	80	60	11	51	188	63	7	186	12	42	146	12	64	15	10	23	9	42	175	10	185	10	185	87	188	81	172	10	10	30	113	14	183	140	189	131	188	45	86	6	14	60	185	184	189	112	19	179	102	78	16	185	
181	20	178	10	181	185	167	12	177	15	139	12	22	15	14	173	119	15	72	12	17	61	186	185	86	20	18	54	25	184	9	58	12	55	68	13	175	10	132	11	103	8	21	13	189	47	130	14	75	63	12	53	187	61	10	185	12	37	151	14	59	13	10	28	10	45	171	7	181	9	183	85	188	86	174	10	10	35	113	9	186	143	189	136	189	44	85	10	9	63	187	187	189	117	18	180	97	76	18	187	
183	24	178	10	184	183	169	14	182	14	134	13	18	15	16	175	118	13	77	13	14	62	181	183	84	18	15	54	26	181	12	58	13	60	63	14	170	10	137	13	105	10	24	14	186	46	130	16	70	65	17	55	187	57	8	185	10	33	152	13	54	11	10	33	11	50	169	10	180	10	178	82	188	91	178	13	10	40	117	12	188	146	189	141	194	43	82	12	10	64	182	185	189	122	23	183	100	78	23	185	
183	26	183	9	187	185	174	14	187	14	133	15	15	17	14	173	118	10	82	11	14	67	177	180	83	16	18	54	22	179	16	58	13	65	61	14	165	11	142	12	107	10	19	12	189	47	125	14	65	68	16	53	188	57	13	183	10	29	147	11	50	10	10	38	12	54	168	11	185	8	175	84	188	96	180	15	10	45	122	14	189	147	189	146	189	43	81	10	15	62	183	183	189	127	24	180	102	78	28	182	
183	21	183	14	187	185	173	15	189	11	131	13	12	15	14	168	122	9	87	14	14	72	182	182	80	12	15	54	17	181	18	60	14	67	63	10	160	10	147	14	112	10	17	10	188	45	120	11	60	70	11	54	183	60	16	182	15	30	143	10	50	15	10	43	12	59	169	10	185	11	180	86	188	101	182	16	10	50	121	18	194	146	189	151	189	48	79	13	16	66	182	183	189	132	20	179	97	76	24	179	
183	24	181	14	182	182	173	10	189	9	126	10	10	12	14	163	119	11	92	13	14	77	187	185	76	9	18	54	16	185	15	60	9	69	63	10	155	12	152	13	117	12	22	12	190	47	116	10	55	73	12	52	181	62	16	187	10	29	142	9	49	16	10	48	12	64	169	5	186	15	185	89	188	106	185	15	10	55	120	15	189	147	189	156	188	52	82	13	14	66	178	186	189	137	16	182	100	78	19	180	
183	26	176	11	185	184	170	11	194	6	124	10	15	10	15	163	115	14	89	15	14	82	187	184	72	12	15	53	18	189	10	58	10	65	58	12	150	11	157	12	122	13	27	15	189	51	116	10	50	75	15	50	186	62	15	190	11	30	137	7	46	19	11	53	12	69	169	10	185	15	188	88	187	111	190	13	10	60	122	11	187	149	189	161	187	57	87	15	9	69	173	189	189	142	16	187	102	78	16	183	
178	23	172	10	190	184	165	14	192	10	129	8	15	13	15	158	114	12	85	12	13	87	182	184	67	15	10	51	19	187	9	58	10	60	53	15	145	13	162	12	127	15	28	12	189	56	121	10	45	78	10	47	187	60	13	190	16	31	136	11	41	17	11	58	13	74	171	10	182	18	188	91	187	116	187	13	10	65	123	11	186	153	189	166	186	57	85	15	9	67	172	190	189	147	14	187	97	76	16	188	
175	21	169	10	190	181	166	14	189	11	132	11	16	16	15	156	116	10	82	10	11	91	182	183	70	12	11	51	24	184	9	53	10	58	49	12	140	13	167	10	129	13	33	13	189	61	122	13	41	81	10	49	188	56	14	194	15	32	131	14	37	16	11	63	13	79	176	9	185	19	188	92	186	120	182	10	10	70	120	14	183	152	189	171	186	52	82	18	4	64	175	194	188	151	10	184	100	78	11	190	
180	19	168	9	187	179	161	15	187	10	136	14	12	18	15	151	111	13	87	13	10	95	187	183	74	9	15	54	27	182	9	55	10	63	47	10	135	13	170	10	126	9	38	10	189	66	122	15	36	83	10	54	188	54	14	189	14	36	129	14	33	15	11	68	13	84	172	11	183	18	188	87	185	125	178	10	10	75	119	11	180	150	189	176	182	52	78	16	9	64	175	189	186	154	10	180	102	78	9	189	
185	19	165	6	188	183	166	14	189	13	140	12	11	23	16	153	106	15	92	14	10	100	184	184	76	9	15	53	23	179	7	59	10	68	49	10	130	12	170	15	129	10	42	9	189	71	117	13	31	86	10	59	183	52	13	186	13	41	134	11	29	16	11	73	14	88	167	13	182	18	190	84	182	124	173	11	10	80	121	11	182	153	189	181	180	55	77	16	14	66	176	190	185	157	9	178	97	76	10	185	
183	19	165	11	189	188	168	15	189	18	145	12	10	25	14	157	110	14	92	11	10	104	185	184	76	4	17	49	18	180	10	55	11	73	54	7	125	12	172	11	133	11	43	9	189	76	112	10	26	88	10	64	178	50	16	186	12	45	139	13	26	12	11	78	14	92	162	12	187	16	189	85	177	122	168	10	10	85	125	14	186	156	189	186	180	60	72	18	14	67	173	194	182	160	10	174	100	78	10	180	
182	23	170	13	190	187	168	10	188	20	150	10	10	20	9	160	114	14	92	10	13	104	190	182	76	9	16	50	16	184	10	50	9	75	54	10	120	12	170	11	138	12	43	4	189	81	111	9	21	91	11	69	183	50	18	186	9	46	144	12	28	10	11	83	14	97	157	12	186	14	193	82	180	125	163	11	10	90	130	14	189	160	189	189	183	61	70	15	14	62	173	189	186	163	11	170	102	78	10	175	
181	25	174	14	195	185	166	10	185	22	155	10	10	15	10	164	119	12	87	9	15	100	187	185	73	10	11	48	15	186	10	45	11	79	49	11	115	11	165	12	143	13	43	9	189	86	114	5	16	93	12	73	188	49	23	184	11	42	149	12	33	10	11	88	14	102	152	13	186	11	189	83	182	129	159	10	10	95	132	15	189	158	189	184	184	61	67	15	14	57	169	189	187	168	11	165	97	76	10	170	
184	25	174	14	190	184	171	8	184	20	157	10	10	10	10	169	124	9	88	11	12	100	190	188	75	11	10	48	10	187	11	41	12	83	44	13	112	11	160	9	148	14	40	12	189	91	114	10	14	95	12	78	187	50	28	182	15	39	154	12	38	10	11	93	14	107	147	14	186	10	189	88	185	133	157	12	10	96	137	13	189	153	189	179	179	61	66	10	14	52	169	184	188	165	12	160	100	78	11	166	
184	24	178	11	190	184	171	13	188	18	162	11	13	12	10	174	124	14	89	14	9	100	189	187	80	11	10	53	11	190	11	36	14	87	39	15	110	15	163	13	150	15	36	15	189	96	115	12	14	100	12	83	182	52	24	179	14	35	159	15	39	12	11	98	14	112	145	10	191	13	189	89	187	137	152	14	12	100	140	9	189	148	187	177	178	62	68	10	14	47	166	182	187	169	13	156	102	78	11	161	
183	20	182	10	195	187	172	12	189	14	167	13	18	14	10	179	127	16	90	12	14	99	189	182	85	13	9	57	13	188	12	31	14	92	37	14	113	14	165	16	155	14	31	14	189	101	116	13	13	105	13	88	179	50	19	180	9	35	164	15	35	15	11	103	14	117	143	10	188	14	189	94	185	140	151	15	14	104	138	11	189	143	188	181	183	65	67	6	14	42	168	186	185	172	13	151	97	76	11	156	
182	24	177	13	190	187	172	7	189	11	171	14	21	14	10	184	129	15	90	11	15	102	189	179	90	13	13	59	12	183	12	26	15	97	40	10	118	11	168	16	159	14	26	13	189	106	116	8	12	109	13	93	180	51	16	183	10	33	167	15	38	12	11	108	14	122	138	7	185	17	189	99	184	141	147	18	14	108	133	12	189	138	187	185	185	67	66	10	14	37	169	189	185	175	16	148	100	78	12	151	
183	26	174	14	189	187	171	12	184	13	171	9	26	11	10	189	130	14	91	16	10	100	187	181	95	15	15	63	12	178	12	21	14	97	43	10	122	10	172	16	154	11	21	11	189	111	116	13	11	114	14	97	178	47	16	188	10	28	170	14	43	11	11	113	14	127	136	11	182	18	189	104	189	144	151	15	15	109	128	11	189	133	184	185	190	66	62	10	14	32	169	188	187	179	16	151	102	78	12	146	
184	25	174	9	184	189	170	14	181	15	172	11	30	10	9	190	135	12	91	13	11	100	187	182	91	14	15	67	12	173	12	16	9	95	46	12	119	14	174	15	149	11	16	11	189	116	118	16	11	119	12	99	183	46	11	189	10	23	174	11	47	11	11	118	13	132	136	14	185	19	189	109	189	142	154	13	20	111	123	12	189	128	181	184	189	68	57	10	14	27	164	187	190	182	15	156	97	76	14	142	
184	30	172	9	186	187	165	12	181	17	177	14	33	12	4	191	140	9	92	10	15	97	182	181	86	11	10	64	11	169	13	12	10	92	44	14	119	13	174	14	144	9	11	12	189	121	120	12	11	124	9	98	188	46	10	186	10	18	177	10	52	12	12	122	13	137	137	14	186	18	189	114	188	137	159	14	19	114	118	13	189	123	182	182	189	73	52	10	14	22	159	189	189	178	14	160	100	78	14	137	
187	31	169	6	185	189	160	9	177	14	177	15	33	15	9	191	136	12	97	10	14	93	182	182	86	12	10	60	11	164	12	9	10	87	47	18	121	9	169	12	144	10	10	10	189	126	120	9	10	128	14	99	186	50	9	184	12	14	182	10	57	12	12	127	13	142	137	9	184	22	189	119	188	132	164	12	15	117	113	12	189	118	183	183	189	78	47	11	14	17	154	187	189	173	14	165	102	78	14	132	
186	29	169	11	185	188	161	10	173	11	172	16	36	13	11	189	131	14	102	11	13	89	177	180	89	16	10	55	11	159	9	11	10	82	44	18	120	10	164	9	139	12	10	11	189	131	122	9	9	133	15	101	188	52	9	181	9	16	186	10	62	11	12	132	12	146	137	14	186	18	189	124	187	130	169	12	14	117	108	12	189	113	178	180	189	83	42	10	14	12	149	186	188	168	14	170	97	76	14	127	
189	29	173	14	190	185	157	7	170	9	174	15	41	12	16	188	126	14	107	13	13	84	173	179	87	12	10	50	10	154	10	11	10	77	39	16	125	11	163	11	134	13	11	16	189	136	122	4	11	129	11	104	185	55	11	177	10	12	189	13	67	12	13	137	12	151	139	15	187	19	189	129	189	129	174	11	14	112	103	13	187	110	179	181	189	86	37	10	15	10	144	184	188	167	13	175	100	78	16	126	
187	26	171	14	190	182	155	11	174	11	174	15	46	11	21	186	127	15	111	14	12	79	175	179	82	9	10	45	10	149	6	14	10	72	34	14	130	13	167	14	129	15	11	21	189	141	122	9	12	124	11	106	185	56	11	172	11	10	189	18	72	11	13	142	12	156	137	12	182	18	188	131	186	130	179	11	14	107	98	12	187	115	184	183	188	85	32	11	15	11	139	183	188	162	11	179	102	78	17	131	
184	24	166	15	190	184	150	11	179	13	177	19	50	10	26	183	132	14	111	9	11	75	170	181	86	12	10	40	10	144	10	14	10	67	29	15	135	14	169	14	128	15	14	24	189	146	126	9	13	120	16	104	180	53	12	167	11	12	189	22	77	12	14	146	12	161	134	10	185	19	188	136	187	135	184	11	14	102	93	12	188	119	185	184	193	87	27	14	10	13	134	183	188	157	9	183	97	76	16	135	
184	21	165	13	193	188	145	11	184	14	181	19	51	10	25	181	130	17	111	14	11	70	167	178	90	15	10	35	10	139	13	11	10	62	26	15	137	14	164	11	128	20	15	25	189	151	124	9	13	115	21	102	181	55	13	163	14	15	187	26	82	12	16	150	11	166	136	10	189	19	187	141	186	139	189	11	14	97	88	12	188	124	180	185	190	86	22	14	10	18	129	181	188	152	10	183	100	78	12	138	
187	19	160	10	189	189	140	12	184	13	182	18	46	7	21	179	133	16	108	12	11	65	167	176	89	12	10	30	9	138	12	10	10	57	23	12	140	17	161	11	130	20	18	28	189	156	123	5	13	110	23	103	185	56	14	158	13	18	187	23	87	13	15	154	11	171	136	5	188	16	185	143	187	144	187	9	14	92	83	13	186	127	180	184	190	89	20	14	10	15	124	179	188	147	15	182	102	78	9	137	
182	17	158	10	189	189	135	13	179	11	177	17	45	12	17	182	131	15	103	11	11	60	163	173	89	11	10	25	13	135	7	13	10	52	18	9	141	15	156	13	134	23	22	30	189	161	123	10	13	105	19	106	188	55	14	157	10	21	188	18	92	12	14	156	11	176	136	10	188	18	187	147	188	148	187	14	15	90	78	10	185	131	178	180	188	85	22	18	10	10	119	178	188	142	16	184	97	76	10	133	
184	18	157	6	187	185	130	13	175	11	180	16	40	14	16	184	132	16	98	9	11	55	159	170	91	15	12	21	15	137	10	12	10	47	21	10	138	12	151	15	135	19	23	29	189	166	125	12	13	100	22	108	188	50	15	162	9	22	188	16	97	13	12	152	11	181	134	10	192	15	189	148	190	152	188	11	10	88	74	11	187	135	183	183	186	82	22	16	11	11	114	175	189	138	16	187	100	78	10	128	
181	19	158	10	183	186	125	14	170	13	185	15	38	15	16	187	132	19	98	10	10	50	162	170	91	10	12	16	14	133	11	17	10	42	23	11	134	9	152	10	138	15	28	29	189	171	127	15	14	95	22	112	189	46	18	165	6	25	184	13	102	11	10	148	11	186	130	7	190	16	190	152	187	156	187	9	12	89	71	15	188	139	188	185	189	83	17	16	14	7	109	177	188	135	17	190	102	78	8	124	
184	19	163	13	182	183	124	15	169	14	186	10	33	14	17	190	134	15	102	13	9	46	167	172	91	11	14	12	14	128	14	20	10	37	28	12	134	14	154	10	142	14	24	26	189	176	128	16	15	91	17	115	190	44	22	168	10	22	180	10	107	13	11	148	11	189	131	12	188	15	187	151	186	156	186	12	15	90	71	15	189	137	188	187	189	81	14	15	14	10	104	178	187	139	17	187	97	76	12	125	
187	18	168	14	183	184	120	18	174	11	187	10	29	13	17	189	135	18	105	14	13	45	172	172	95	14	16	10	14	123	11	20	10	32	33	14	136	12	154	5	147	13	20	27	189	181	123	19	10	90	15	119	187	45	19	172	12	21	181	11	112	11	16	146	9	189	132	15	183	16	186	154	191	154	188	16	14	86	76	16	188	132	183	190	189	76	10	18	12	14	99	179	188	135	21	184	100	78	14	129	
190	20	171	12	188	181	120	18	178	10	192	8	24	10	22	186	138	16	100	14	12	43	177	170	96	13	14	10	16	120	12	18	10	27	32	13	137	10	154	10	152	11	15	26	189	184	126	18	11	92	16	120	187	46	16	175	13	21	184	14	117	12	15	147	8	184	128	17	186	14	182	151	187	155	189	21	12	84	75	14	186	133	182	185	187	73	12	20	11	19	94	177	188	130	26	181	102	78	15	134	
188	18	173	10	189	182	115	21	179	15	189	10	20	9	27	184	141	16	95	13	10	42	182	170	101	11	17	7	21	123	14	21	9	26	27	13	137	13	158	9	157	11	16	23	188	185	129	15	14	95	16	115	182	45	11	175	9	18	188	12	122	10	20	146	13	186	129	17	183	18	179	151	183	152	190	25	9	81	80	11	185	137	183	183	187	72	17	23	10	21	89	178	189	130	22	179	97	76	15	138	
188	14	175	11	189	177	118	17	177	17	189	10	22	9	25	181	141	14	91	14	10	47	184	174	104	9	17	12	25	126	9	24	4	24	22	12	139	15	154	10	159	11	11	22	188	190	131	13	13	99	14	119	184	45	12	173	11	14	190	9	127	12	18	150	16	187	124	15	186	18	182	154	180	150	187	24	9	77	82	9	182	137	187	184	192	74	22	25	13	19	84	177	194	127	19	180	100	78	15	140	
188	9	172	14	190	172	120	14	178	17	192	13	21	5	21	179	136	14	96	12	10	52	187	178	100	11	15	16	24	130	11	22	8	23	17	11	139	11	149	11	154	13	11	19	189	188	136	10	10	98	19	122	189	45	16	174	15	11	188	10	132	13	15	154	15	190	124	10	188	15	186	157	182	153	184	22	10	78	83	9	183	142	182	183	187	74	20	27	13	17	79	175	189	127	16	183	102	78	15	135	
188	10	172	13	185	173	120	14	183	16	189	12	21	10	17	182	136	11	101	11	10	57	187	181	95	13	11	18	20	133	13	18	12	21	12	10	138	10	144	11	151	15	13	15	185	189	136	9	10	93	24	124	190	47	13	177	16	10	188	10	136	12	16	155	12	188	125	13	188	10	190	160	186	156	186	18	10	83	88	6	187	145	187	185	185	75	15	26	10	20	74	174	188	130	16	188	97	76	14	135	
189	6	169	10	185	176	125	14	184	13	184	9	21	15	16	186	134	10	105	10	10	62	188	177	90	14	10	20	17	137	15	14	14	21	10	10	135	7	139	12	148	12	16	11	186	188	131	11	10	88	25	129	186	48	10	180	11	8	193	8	140	9	21	154	11	187	126	15	186	10	186	160	186	156	186	21	9	88	88	11	186	148	188	184	190	77	15	26	11	21	69	174	187	134	19	187	100	78	14	130	
189	11	172	11	187	180	130	13	180	10	180	9	20	10	16	189	129	12	110	11	10	67	190	173	85	15	10	25	20	137	16	9	17	18	10	15	135	10	134	10	143	10	16	9	191	186	126	10	10	83	22	132	187	49	10	182	14	11	190	9	144	12	22	152	16	189	126	15	181	13	184	162	189	160	184	21	14	85	89	16	181	146	183	182	187	77	10	25	16	20	64	171	186	138	24	184	102	78	14	125	
189	16	177	14	189	181	135	13	180	9	184	9	22	10	19	188	124	12	115	13	10	72	188	176	86	13	10	30	15	140	14	9	14	15	10	18	136	13	129	10	144	10	11	7	189	188	121	12	10	78	18	135	182	48	11	178	19	14	189	14	149	15	18	152	18	186	122	18	178	14	187	166	186	160	186	25	15	85	90	11	176	144	179	179	187	75	10	21	16	17	62	173	183	139	27	182	97	76	18	127	
189	21	181	13	187	180	140	13	185	7	188	12	22	5	24	187	119	14	119	14	10	77	188	179	85	15	10	35	12	137	9	7	15	17	12	17	138	13	124	9	149	9	9	11	188	186	116	11	10	73	15	139	183	46	12	173	19	15	186	13	151	14	15	156	22	183	124	18	178	14	185	166	185	163	184	21	13	81	94	10	174	147	175	176	182	75	10	19	14	16	61	178	185	143	23	179	100	78	20	130	
188	25	185	10	189	181	145	13	185	10	190	13	22	10	29	185	120	13	115	11	10	82	189	180	85	12	10	40	11	133	10	9	13	13	12	12	143	12	123	12	148	10	10	12	188	185	111	13	10	68	11	139	188	46	14	169	14	16	181	11	146	12	11	154	25	181	119	16	173	17	190	167	187	167	185	18	10	77	97	14	177	151	170	173	187	76	9	24	13	12	59	182	187	147	18	180	102	78	17	134	
188	30	187	13	188	180	144	11	185	13	187	15	22	11	29	183	125	11	112	11	11	87	189	185	89	9	10	45	10	129	12	9	13	10	13	10	148	9	122	15	153	8	15	12	185	189	106	13	10	63	12	137	187	47	14	164	9	18	179	11	141	10	9	150	21	179	119	14	178	14	187	168	186	169	186	16	10	73	97	13	178	155	171	173	186	72	10	24	13	11	56	185	188	151	16	184	97	76	14	137	
188	35	188	12	183	178	140	10	188	15	185	15	17	14	34	180	128	11	111	14	11	92	189	190	92	11	10	50	15	132	17	8	10	12	13	13	150	9	122	17	153	9	20	12	188	188	101	12	10	58	15	141	182	47	15	164	14	19	184	13	139	11	10	150	17	182	123	17	177	16	188	169	184	165	187	13	9	69	102	12	181	157	172	177	183	74	6	21	18	13	55	184	188	156	16	189	100	78	9	140	
188	40	191	9	178	175	136	10	188	16	185	10	14	15	33	182	128	15	106	11	11	97	189	188	97	12	10	55	15	135	20	11	12	10	13	18	150	4	127	20	153	4	25	11	189	187	96	11	10	53	16	142	185	46	15	169	12	22	188	16	142	9	10	145	16	186	124	14	179	13	186	165	181	163	188	10	10	70	107	11	179	153	177	180	186	76	10	21	19	15	56	179	188	161	16	188	102	78	14	140	
188	45	188	9	173	173	131	12	186	20	182	11	9	13	38	184	129	16	101	10	11	102	194	185	102	13	10	60	12	136	25	14	9	9	13	23	150	9	129	20	153	9	30	11	189	182	91	12	10	48	20	139	188	44	19	171	11	23	187	19	142	14	10	140	17	189	124	9	181	9	187	164	179	165	189	10	12	66	112	10	178	148	182	182	187	74	10	26	18	10	59	176	187	166	21	186	97	76	14	144	
188	50	189	11	176	170	126	14	184	22	180	15	13	10	43	187	131	12	97	12	11	107	189	187	107	13	11	65	9	135	29	16	13	12	13	28	150	14	125	17	154	12	35	10	189	177	86	11	10	43	25	137	188	39	17	175	16	20	188	20	144	12	10	135	21	188	122	11	177	10	183	161	182	168	193	7	16	66	116	10	181	152	187	185	185	72	10	31	14	9	61	178	188	170	26	183	100	78	14	149	
188	55	189	13	181	170	129	14	185	20	177	15	10	10	42	189	133	11	92	14	11	112	189	185	112	13	11	70	9	133	25	13	18	14	13	33	151	13	125	15	156	14	34	10	189	172	81	11	10	38	23	139	188	34	14	178	18	22	183	23	145	10	10	130	26	185	122	15	173	12	187	164	183	173	189	9	14	69	119	11	184	155	187	185	187	73	10	35	16	11	59	182	188	175	25	181	102	78	14	154	
187	58	188	17	183	174	132	13	188	17	176	13	10	12	43	189	138	13	92	14	11	117	193	188	117	14	11	75	9	129	25	10	17	16	13	38	148	9	120	16	156	9	31	14	189	167	76	11	10	33	21	143	188	29	14	183	13	22	184	25	147	10	10	126	28	182	124	11	168	14	187	169	186	176	188	10	18	69	124	9	187	159	192	187	186	70	10	40	21	14	56	185	187	180	21	179	97	76	14	159	
182	59	188	22	187	177	131	11	188	14	171	12	9	17	48	191	142	15	97	12	11	122	188	189	122	14	12	79	9	127	22	10	13	15	13	43	148	12	121	15	157	10	27	15	189	162	71	12	9	31	20	147	187	25	15	188	10	24	184	22	142	7	11	124	24	179	128	10	169	15	189	167	187	181	191	14	15	69	128	10	189	162	189	186	187	72	10	45	20	14	56	186	189	179	17	182	100	78	14	164	
181	62	188	27	188	181	126	12	183	12	166	12	10	16	48	188	143	12	102	9	11	127	184	187	127	14	12	84	4	124	23	10	11	11	13	48	150	15	124	18	152	9	30	12	187	160	66	11	14	32	17	151	186	21	17	188	10	26	186	18	142	12	16	126	19	180	123	12	164	17	188	164	190	181	188	14	14	64	133	10	187	166	188	181	188	72	12	47	15	17	51	184	189	174	16	186	102	78	14	169	
182	61	187	30	188	183	121	14	178	9	161	12	11	12	48	183	141	11	98	12	12	131	179	185	132	12	12	89	9	124	27	13	12	11	14	52	154	14	124	19	149	13	35	10	183	162	62	12	11	32	15	155	184	21	22	185	12	22	189	20	142	13	17	131	16	183	118	13	169	15	187	169	187	181	184	15	14	59	136	9	187	169	188	176	189	68	13	52	14	12	46	181	189	169	13	187	97	76	14	174	
180	57	188	27	184	186	118	14	176	11	156	10	13	10	48	178	139	15	94	15	13	136	182	183	137	14	12	94	11	126	28	15	17	12	14	57	159	13	119	19	151	15	38	12	187	165	60	13	10	32	15	157	188	24	27	183	14	18	188	21	142	8	16	135	16	188	113	15	173	15	184	168	186	184	184	13	12	55	140	12	189	172	187	172	190	64	12	52	13	10	43	184	189	164	10	184	100	78	14	179	
180	62	188	22	181	184	122	11	178	15	151	11	15	10	45	182	142	12	92	14	13	141	185	184	142	14	12	99	11	131	24	14	22	12	14	62	164	10	122	18	153	15	43	15	188	169	61	13	15	30	20	158	190	25	24	180	14	14	183	24	139	12	14	139	13	190	115	15	172	10	182	171	189	184	189	11	11	51	145	15	188	176	184	174	185	66	7	50	11	12	43	187	189	159	11	183	102	78	14	184	
185	62	188	17	186	184	122	10	178	13	146	10	11	7	43	186	143	11	87	12	13	146	188	187	144	12	12	104	12	135	21	15	27	11	14	67	168	9	124	16	148	15	40	16	183	169	56	15	14	33	25	160	187	26	20	179	14	16	183	26	134	14	15	144	16	189	117	19	171	10	185	175	188	181	186	10	10	47	146	14	187	181	187	178	188	67	10	47	10	14	39	190	189	154	11	178	97	76	14	189	
187	62	188	12	186	184	117	10	178	8	141	11	9	11	46	186	147	14	82	9	16	149	188	190	145	10	12	109	12	140	20	10	29	11	14	72	166	10	123	15	150	11	36	15	183	172	57	14	16	36	24	162	187	21	16	182	14	21	187	29	132	13	11	142	19	190	118	16	171	15	187	179	185	184	181	13	12	43	147	10	189	180	187	181	188	65	10	42	11	17	36	188	189	149	11	173	100	78	13	189	
188	66	187	10	181	182	112	11	176	10	136	10	10	12	51	184	148	14	86	10	16	153	189	187	150	11	13	114	12	145	16	9	24	13	14	77	161	11	124	19	154	10	34	11	185	176	62	11	11	38	22	166	184	22	16	187	13	26	188	26	129	10	12	141	17	190	121	13	175	14	188	183	184	184	176	11	13	39	145	12	189	175	190	181	193	63	10	37	16	16	34	184	187	146	12	168	102	78	9	186	
